-24 -54 -10
-26 -78 -14
-46 -70 -8
-10 -68 -4
-26 -96 -12
-14 -44 -2
-6 -92 -4
-48 -70 10
-22 -96 6
-12 -70 8
-40 -84 10
-12 -72 22
-6 -88 28
-24 -88 24
-50 -4 -2
-54 -24 10
-36 -22 16
-56 -4 10
-52 -22 18
-56 -8 30
-48 -8 46
-8 -12 46
-48 -28 56
-40 -26 56
-30 -46 62
-32 -22 64
-26 -38 68
-20 -10 68
-4 -32 66
-20 -30 68
-44 -48 -20
-56 -60 -2
-26 -70 38
-54 -26 42
-40 -36 48
-32 -48 46
-16 -72 54
-30 -60 60
-6 -60 56
-18 -54 68
-32 -4 54
-22 6 62
-48 6 28
-56 -40 20
-62 -26 28
-60 -40 36
-40 -4 -4
-34 20 6
-38 0 10
-52 8 10
-28 42 32
-6 10 42
-12 -36 46
-6 -2 66
-24 22 -20
-10 36 -20
-44 -20 -30
-28 10 -34
-42 8 -18
-54 -50 46
-34 -62 48
-46 -42 46
-60 -42 -14
-32 42 -14
-42 50 -6
-28 58 8
-42 40 16
-44 20 28
-42 6 44
-10 -74 38
-4 -28 28
-4 4 30
-46 8 -32
-60 -18 -22
-58 -30 -4
-58 -42 8
-48 -58 18
-38 -80 32
-58 -54 28
-46 -66 38
-34 20 -14
-6 36 -10
-12 64 -6
-52 22 8
-6 44 8
-8 60 20
-6 30 24
-12 48 44
-4 34 44
-40 18 50
-24 24 48
-10 16 64
-10 -56 12
-6 -54 28
-4 -30 36
-6 -54 42
-26 -32 -18
38 -34 -24
28 -36 -14
28 -68 -12
12 -64 -4
48 -72 -6
12 -92 -6
16 -46 -2
30 -94 -4
8 -76 8
22 -60 8
42 -80 10
20 -90 22
10 -74 26
16 -84 40
32 -74 32
52 -14 4
64 -24 8
38 -14 14
44 -28 18
60 0 10
56 -12 14
58 -4 30
10 -16 42
52 -22 52
46 -12 48
6 -10 52
40 -24 58
32 -40 64
34 -20 66
28 -34 66
22 -8 68
10 -40 70
6 -22 68
20 -30 70
50 -54 -16
52 -60 10
60 -16 34
46 -38 50
42 -32 46
14 -74 52
34 -48 50
26 -62 58
8 -56 62
22 -48 70
34 -4 52
26 8 58
52 10 20
58 -46 10
60 -38 16
60 -26 28
50 4 40
40 6 -16
46 -4 -4
36 24 4
44 6 4
8 10 42
10 -36 46
8 4 66
12 38 -22
14 64 -8
30 8 -38
46 -12 -34
26 -10 -32
62 -38 36
52 -42 48
38 -62 48
62 -42 -12
34 22 -8
36 46 -14
30 58 4
44 44 10
46 24 26
30 48 28
40 34 38
42 14 48
14 -70 36
6 -24 30
4 2 30
8 30 28
8 24 56
46 -70 28
54 -50 28
50 -58 44
48 12 -30
60 -12 -20
54 -6 -10
62 -26 -6
52 -32 2
50 28 0
4 36 -14
6 28 16
8 58 18
16 46 44
28 30 42
24 24 54
12 -54 14
6 -48 30
6 -58 44
